[home]
latitude = 38.88444	
longitude = -77.42444
