[home]
latitude = 38.88319	
longitude = -77.42681
